"open"
[178.37825, -211.940948, 171.530182, 162.053492, -0.877886, -82.269291, 10, 100]
[170.163605, -216.383392, 135.813583, 164.103191, 0.184664, -81.90615, 10, 100]
"open"
"close"
["pause", 0.5]
[162.697754, -215.233749, 148.24791, 166.409518, 9.677085, -86.36359, 10, 30]
[158.059433, -219.266663, 175.397491, 164.794809, 12.870752, -86.627093, 10, 30]
[172.460236, -224.843811, 254.239014, 168.104614, 6.346482, -94.643403, 10, 30]
["pause", 5.0]
[231.611435, -198.703079, 263.934357, 171.657296, 9.374334, -86.591283, 10, 100]
[303.726257, -166.666656, 267.212189, 171.435046, 8.957565, -65.982335, 10, 100]
[369.682709, -122.928902, 268.400513, 178.246712, 5.331945, -58.339709, 10, 100]
[371.72641, -114.575348, 267.098785, -168.976197, 5.563764, -54.785537, 10, 100]
[322.04184, -146.075333, 274.723755, -139.757813, 8.260734, -42.153594, 10, 100]
[272.574707, -186.349258, 274.76062, -115.099944, 0.900632, -38.210269, 10, 100]
[217.203491, -211.642136, 252.542221, -90.587034, -21.409198, -41.57462, 10, 100]
[217.137451, -213.504456, 237.031555, -81.853897, -25.06232, -44.919433, 10, 100]
["pause", 1.0]
[234.137466, -215.502625, 249.90863, -93.866129, -13.462388, -45.679118, 10, 100]
[277.357574, -207.754425, 275.721802, -114.17267, 8.413198, -47.036111, 10, 100]
[315.536255, -202.506622, 289.907654, -131.346163, 22.747914, -51.717634, 10, 100]
[336.196167, -181.316345, 297.811462, -157.074775, 20.380968, -70.274018, 10, 100]
[343.368561, -133.590088, 300.016632, -170.526163, 5.836205, -53.285877, 10, 100]
[289.312531, -141.902756, 305.065002, -178.205172, 8.975498, -49.419959, 10, 100]
[216.135986, -171.07222, 305.165833, 170.75632, 9.267592, -67.251838, 10, 100]
[151.398926, -214.457062, 279.024689, 169.726084, 2.623746, -92.28465, 10, 100]
[150.921768, -219.646103, 150.487869, 166.224109, 7.574044, -88.243121, 10, 100]
[158.879089, -217.404022, 147.536652, 156.239288, 7.817723, -89.584931, 10, 100]
"open"
[158.879089, -217.404022, 148.208786, 156.239288, 7.817723, -89.584931, 10, 100]
[159.176636, -216.418365, 203.306534, 164.620286, -7.657409, -96.746846, 10, 100]
[200.252548, -111.977776, 215.519302, -178.277594, 1.502696, -78.559275, 10, 100]
[238.174225, -10.354429, 214.851685, 177.590904, 1.299067, -3.929402, 10, 100]
