"open"
[238.174225, -1.253469, 214.851685, -179.554832, 1.491237, -3.035989, 10, 100]
[242.965576, 282.120911, 235.660858, -171.419289, 4.351213, 89.737509, 10, 100]
[241.978989, 282.631012, 207.652008, -174.542024, 1.633846, 89.134643, 10, 100]
"close"
["pause", 0.5]
[278.273804, 273.913605, 209.04306, -174.602586, 4.371381, 88.308724, 10, 100]
[345.810608, 129.941452, 223.533813, -175.94577, 2.926783, 103.889624, 10, 100]
[346.49173, 129.34436, 161.089905, -178.218408, 0.717114, 81.754775, 10, 100]
[347.113983, 123.585228, 236.776169, -179.015793, 0.638447, 81.745608, 10, 100]
[346.615845, 37.04565, 255.989792, 170.263748, -1.872541, 59.667023, 10, 100]
[353.193909, -155.866394, 250.152817, 159.698406, -2.467443, 44.391567, 10, 100]
[388.070709, -174.16954, 245.588654, 158.591108, -3.791548, 35.431595, 10, 100]
[340.453766, -204.154465, 236.262924, 155.939058, -7.882696, 36.713818, 10, 100]
[328.82254, -208.351593, 218.091812, 155.769348, -8.10042, 37.668251, 10, 100]
[375.810699, -175.976868, 220.006302, 159.104593, -11.616032, 31.353167, 10, 100]
[327.817139, -184.738876, 188.259857, 153.323105, -14.648812, 34.490169, 10, 100]
[317.844666, -166.104233, 194.526627, 154.075169, -15.556377, 33.509609, 10, 100]
[304.554382, -166.653854, 157.631668, 169.465503, -17.014612, 29.313094, 10, 100]
[308.988495, -151.733627, 157.631668, 174.21561, -19.334518, 26.257739, 10, 100]
[309.264343, -137.668045, 157.631668, 175.392236, -19.876364, 25.816963, 10, 100]
[289.548187, -127.198494, 157.631668, 176.36403, -20.072373, 25.482871, 10, 100]
[265.147491, -154.135849, 157.631668, 174.585053, -19.947812, 28.540976, 10, 100]
[265.672699, -114.170609, 157.683136, 175.401518, -19.485034, 21.689776, 10, 100]
[282.2034, -113.346054, 187.002502, 161.249346, -21.315233, 24.899829, 10, 100]
[310.55545, -44.255901, 225.430695, 162.294936, -20.383203, 64.079886, 10, 100]
[319.939697, 142.02887, 258.380219, 171.401585, -6.052325, 88.090943, 10, 100]
[298.069763, 271.691101, 238.242966, 178.467931, -7.623662, 78.964929, 10, 100]
[242.85643, 280.040619, 205.945435, 179.270129, -4.214448, 84.272351, 10, 100]
"open"
[242.85643, 280.040619, 205.945435, 179.270129, -4.214448, 84.272351, 10, 100]
["pause", 0.5]
[242.107254, 277.226349, 255.077133, 173.886789, -5.859525, 84.803999, 10, 100]
[225.963974, 199.783478, 255.190933, 176.69772, -6.212066, 54.533951, 10, 100]
[201.935226, 34.31356, 205.754456, 176.086775, 3.247582, -0.688695, 10, 100]
