"close"
[300.444855, -100.911631, 193.510132, 179.75021, -2.643283, 4.05465, 10, 100]
[337.490875, -152.539017, 195.837067, 176.277398, -1.296088, 33.836252, 10, 100]
[397.600525, -227.899567, 186.15358, 167.648711, -1.082317, 31.096998, 10, 100]
[414.170319, -253.843613, 175.078003, 154.731091, -1.546069, 31.259775, 10, 100]
[414.170319, -256.152985, 167.609512, 155.646907, -2.101437, 31.230612, 10, 100]
[398.399261, -232.855164, 169.005127, 159.667696, -3.173671, 31.047494, 10, 100]
[376.027161, -189.852554, 171.631317, 166.01773, -1.116236, 32.86612, 10, 100]
[349.601593, -156.854279, 171.631317, 172.854663, -0.994082, 32.75932, 10, 100]
[228.619064, -19.595144, 198.324661, 178.144152, -0.880522, 0.348702, 10, 100]
"stop"
