"open"
[228.172165, 2.570033, 208.871201, 179.59534, -0.889059, 1.337226, 10, 100]
[170.981827, 275.335327, 219.776108, -174.263395, -3.037249, 95.641095, 10, 100]
[168.201477, 278.20871, 196.784058, -175.553409, -2.315208, 95.835385, 10, 100]
"close"
["pause", 0.5]
[136.578857, 284.505829, 201.174362, -175.486946, -2.21093, 95.832864, 10, 100]
[101.881813, 265.749634, 207.700134, -173.572751, -2.738108, 173.272865, 10, 100]
[91.262596, 252.745941, 212.203659, -167.628486, -3.327166, -146.4915, 10, 100]
[205.145203, -9.774397, 221.610413, -161.120717, -2.236541, -130.476585, 10, 100]
[253.128433, -40.947659, 185.458908, -161.036492, -0.005386, -138.058936, 10, 100]
[240.451736, -29.150276, 141.697998, -141.744086, -2.069065, -138.733823, 10, 100]
[248.149078, -48.860538, 111.692947, -128.932521, 0.562243, -139.356113, 10, 100]
[256.607727, -58.009167, 92.228729, -127.58945, -0.375001, -139.355368, 10, 100]
[268.147705, -58.009167, 127.167938, -116.537381, -4.233986, -143.453506, 10, 100]
[396.281555, -23.831472, 134.034485, -116.451953, -4.891283, -99.871242, 10, 100]
[443.423218, -14.102643, 138.823959, -114.996125, -4.640213, -85.6553, 10, 100]
[447.104889, 2.186884, 147.281509, 80.985808, -87.142641, 95.879617, 10, 100]
[446.031067, 0.985722, 154.244263, -108.362075, -1.148036, -86.111431, 10, 100]
[295.954468, -23.422621, 163.680771, -120.392929, -0.692419, -131.166197, 10, 100]
[199.294952, 38.426376, 169.169876, -143.729843, -2.076456, -144.808837, 10, 100]
[105.42469, 193.836823, 188.34404, 175.981867, -4.210896, -164.698552, 10, 100]
[110.995209, 265.7005, 195.673737, -170.272973, -1.833007, 95.702974, 10, 100]
[170.875214, 279.589996, 196.961288, -176.892125, -1.293223, 91.202161, 10, 100]
"open"
["pause", 0.5]
[170.875214, 279.589996, 196.961288, -176.892125, -1.293223, 91.202161, 10, 100]
[170.888077, 278.377869, 246.829132, -177.149096, -0.867515, 91.207261, 10, 100]
[174.768173, 166.498001, 260.348511, 177.967796, -7.033114, 15.395147, 10, 100]
"stop"
