"stop"
"close"
[238.174225, -10.354429, 214.851685, 177.590904, 1.299067, -3.929402, 10, 100]
[280.722382, -68.357903, 46.447117, -174.824034, 3.846323, 29.16888, 10, 100]
[290.455536, -73.639473, 41.947433, 159.487271, 3.345615, 27.399816, 10, 80]
[290.662842, -74.235954, 37.163799, 140.431153, 1.650348, 26.435642, 10, 80]
[297.107086, -80.194527, 35.837486, 123.673628, 3.689447, 28.693211, 10, 80]
[295.926147, -85.832169, 35.668655, 107.239193, 8.639401, 29.107688, 10, 80]
[295.776428, -86.624031, 39.360802, 93.973787, 11.703637, 32.219479, 10, 80]
[295.776428, -86.624031, 39.285538, 95.630552, 8.762244, 32.511058, 10, 80]
[295.776428, -86.624031, 50.907669, 102.206217, 4.532497, 33.273607, 10, 80]
[295.79425, -89.657082, 75.077095, 115.512188, -4.252665, 33.306323, 10, 80]
[303.999115, -94.090584, 97.040443, 127.196, -3.303847, 41.524028, 10, 80]
[312.81601, -100.970482, 116.600456, 136.957711, -5.134619, 40.802903, 10, 80]
[314.20929, -113.628181, 127.059746, 147.645838, 3.979077, 41.338504, 10, 80]
[329.979584, -135.231216, 147.494202, 159.316301, -0.313809, 41.72313, 10, 80]
[348.577423, -157.380112, 162.976028, 170.785999, -6.548105, 41.152063, 10, 80]
[367.883301, -185.956375, 171.951324, 179.400935, -4.336889, 48.011858, 10, 80]
[383.429077, -211.840607, 172.677719, 179.400935, -4.336889, 50.261004, 10, 80]
[254.930923, -34.804554, 184.087585, 179.585886, -2.631652, 4.154402, 10, 100]
"stop"
