"open"
[196.789124, 227.370804, 245.277023, -176.597166, -0.246429, 92.313642, 10, 100]
[170.638809, 280.272491, 236.937744, -175.331044, 4.080262, 90.680884, 10, 100]
[166.831482, 278.086823, 203.863693, -175.478695, 0.562301, 90.640376, 10, 100]
"close"
[166.831482, 278.086823, 203.863693, -175.478695, 0.562301, 90.640376, 10, 100]
[132.793762, 287.789307, 203.863693, -175.652932, 0.438427, 86.397509, 10, 100]
[172.484009, 45.695572, 209.363235, -175.876614, -0.503401, 120.83571, 10, 100]
[298.629364, -179.773346, 187.987991, 178.707828, 0.021314, 120.376771, 10, 100]
[298.715088, -181.522446, 167.582687, 178.139225, 0.607049, 120.37511, 1, 30]
[297.588531, -183.686127, 160.376022, 178.139225, 0.607049, 120.37511, 1, 30]
[322.959961, -174.522369, 159.59404, 178.965258, -0.417629, 120.376427, 1, 30]
[271.347809, -196.86113, 151.989655, 163.369633, 1.544236, 119.948199, 1, 30]
[307.384033, -174.562881, 137.209335, 160.431448, -4.812043, 110.443574, 1, 30]
[344.003845, -154.75235, 148.711517, 152.764414, -1.919982, 110.894549, 1, 30]
[421.35434, -122.77346, 167.656967, 150.204668, -0.779509, 108.867825, 1, 30]
[419.011902, -121.545708, 192.028381, 161.213364, 1.331611, 105.663444, 10, 100]
[281.465057, -93.388962, 223.626343, 170.094611, 2.809097, 92.071682, 10, 100]
[187.13559, 3.28038, 224.986679, 179.913847, -1.063868, 93.003369, 10, 100]
[118.64949, 209.687408, 216.633087, -178.668695, 6.217967, 89.500362, 10, 100]
[163.880188, 276.808929, 197.864075, -176.792316, 0.308939, 95.325968, 10, 100]
[167.125778, 280.724213, 203.288788, -175.268935, 0.00275, 91.623572, 10, 100]
"open"
[167.125778, 280.724213, 203.288788, -175.268935, 0.00275, 91.623572, 10, 100]
[167.230499, 280.90979, 250.938202, -173.87046, 0.214172, 89.845053, 10, 100]
[214.085922, 237.41156, 249.574936, -173.386368, -1.217134, 89.881207, 10, 100]
